0.6547864943051458 0.675279883461801 0.6399383166677708 0.6801252074557156 0.08938388485652449
0.6384425514221839 0.6589809944022804 0.6315366497081263 0.6707977496497826 0.14012305242632656
0.63384144271321 0.6671305400304852 0.6321415451149617 0.665970793221081 0.0798222235831528
0.6512154220026676 0.6611012309847728 0.6308644753275903 0.6782335596788198 0.03838143190067442
0.6506661391091937 0.6724972498695581 0.6459201968812505 0.681038485367996 0.1143858806855153
0.6727784954385001 0.6870734214311922 0.6523055458181093 0.6996281099695691 0.060190374745600156
0.680538452317383 0.6808453528431764 0.6572119880464953 0.6975409872777081 0.07264653485811023
0.6743580243084399 0.6956868067237341 0.6605726548303534 0.702237361685822 0.05639966666921842
0.6817744960051773 0.6923740128874234 0.6650087595993044 0.7082381628941037 0.09944942459976794
0.6809504668799811 0.6972768830621587 0.6676972520026261 0.7109777975729856 0.12466740740173685
0.6970884024816439 0.7153648101992964 0.6804679498763442 0.7252625947702498 0.07543796143292866
0.7108227800881703 0.7221891574142212 0.6889366906908669 0.7343943786032598 0.18970791999623796
0.705328903303577 0.7178823636695058 0.6889366906908669 0.7341987046303369 0.1402124546290656
0.7145309111515536 0.7181474437915394 0.6941122488140541 0.736481700353079 0.06139771458442464
0.7034748377718856 0.7206651994586382 0.6888696168359887 0.725001629787033 0.0697312575253689
0.7159044327401944 0.7011196349456481 0.6912891984633316 0.7116299114440907 0.1671041997709991
0.6512841609530908 0.6662028607018116 0.6414840921122991 0.6809731943577022 0.15749168586854648
0.6652245458409163 0.6886636999665063 0.6598334065949392 0.6871045775865716 0.10218671773072602
0.6880236629645431 0.6868746618888892 0.6650760385730046 0.7053681452525922 0.07499669184509741
0.6604174298506438 0.693897768646117 0.6602366701994964 0.6867132296407252 0.13405928651027385
0.6785469088848446 0.654475643312151 0.6552629489974098 0.6683843709644108 0.23891904808252776
0.6534817116669278 0.6703106927073346 0.6484743364559937 0.684625907890906 0.11653754837834793
0.6858948512011294 0.7030411119858375 0.6743515117154641 0.7139781981771267 0.09873967500248795
0.7147369184328527 0.7282182642630446 0.695053128851747 0.7332203347657211 0.1079748952053079
0.7259992086637901 0.7356390923017682 0.7024466367999984 0.7471135849591808 0.06534781557883962
0.71851399801663 0.723845554332377 0.7011022880389264 0.7392864269842967 0.10302168509208698
0.7075951929678377 0.7402768823544699 0.7062105671884138 0.7366120833157082 0.042683673681413195
0.7414503834711326 0.7441198364348482 0.7214679205443526 0.7593763514169192 0.07766399426076134
0.7460512826101353 0.7584311300713382 0.725702393511025 0.7707911309726718 0.04794035916172995
0.7393901010881709 0.7560458133668118 0.728861428492604 0.7651163866999426 0.07667264139491495
0.750721130269532 0.7596236873251565 0.7262402150629825 0.7692910301995806 0.10423230574569092
0.743853941466269 0.7538594584014782 0.7258369514584253 0.7628333909772005 0.08412091114788053
0.7526439347516471 0.7645265574998923 0.7353138512843411 0.7776401181408983 0.061123766550343545
0.7523004495695012 0.7553170957773305 0.7323566532238626 0.7528536202422038 0.1304274245494621
0.7367120064312833 0.732326298465457 0.7133351643606864 0.7456785761384248 0.23876211577557913
0.6520396606978345 0.6590473149820111 0.6982121638333261 0.6717108285041045 0.368081445133294
0.6575333279124567 0.5943151940144868 0.6380561463547412 0.6094188254087531 0.526175160513863
0.5905094981302166 0.5866958086303498 0.5943674781645887 0.6029613852443312 0.46017774360869945
0.5306276033829622 0.4940039017933753 0.5503428253435791 0.516926545125195 0.7050897466882908
0.4155336615478502 0.48572191720259816 0.45846231033944496 0.4388494450015301 0.9801923541705171
0.4808404845593035 0.5707281180757044 0.5342116658048257 0.49703209560753736 0.5802823578559656
0.5583711048277378 0.5120916267336235 0.5656674576732181 0.5173178930710414 0.7482477715065611
0.5351599731415124 0.5957065108106085 0.5606937364711315 0.5548886892779918 0.41052698634196805
0.527331486882177 0.5268004394547197 0.5295739292335961 0.533233373061984 0.43719290206658523
0.4460925259803892 0.49367250109161054 0.4644441905529242 0.46944107013558334 0.5528427166458699
0.3235131639281459 0.33976022886261537 0.36637995841421 0.3599896489861729 0.7736144845785301
0.3876528917721991 0.4337773341128699 0.39548324251013733 0.36031570592172546 0.6834653496747072
0.36059615112174415 0.34062138541466913 0.3512569578868494 0.3432261820932436 0.6257016842609472
0.19097650385315346 0.16669981010679136 0.24855498917690522 0.19189873921665712 1.0
0.23966484731989346 0.3072285691264156 0.28095186620181267 0.1973779090454424 0.8287015519347511
0.08920471549199904 0.1119724923263754 0.1829547079179763 0.12458420524866076 0.7403215964007275
0.11571206846399451 0.19777383246713875 0.17804826568958987 0.12269265700074405 0.6441677502468813
0.05534952498870416 0.11296629003789072 0.12562174079011346 0.06366191996377135 0.8233182816841953
0.07595109139849399 0.11634530335548776 0.11896768619609799 0.09105737099178146 0.7186736868812247
0.0984754622903985 0.03875972832421559 0.09940858089978644 0.06679280305952084 0.8768002104095878
0.0 0.0 0.0 0.0 0.8190206877243941
0.04278255690453414 0.1338368507672716 0.09692172029874313 0.10136329819130951 0.5715086389321167
0.11454465894163812 0.1579539858516772 0.17925805650326132 0.14017352877507183 0.7463099035768536
0.14647714974780346 0.2534288295762288 0.22261053494373484 0.20083494860572348 0.6320350237913751
0.17222910776004063 0.20188166447266198 0.2092351467820035 0.21388041095515464 0.5410153793660809
0.1889163262551774 0.25641022271077496 0.22012367434269153 0.2300567564003353 0.39619009915715864
0.2222908680304363 0.23057047122692786 0.2261728335298714 0.24760291918495714 0.4604711031302253
0.13590162031118624 0.15371361378513693 0.18806298706746327 0.16724282333855034 0.4459083865280996
0.11674220965547533 0.19134700433682017 0.1545906720574628 0.1717435237737408 0.41338949723700713
0.15499239680145926 0.16722986925241456 0.15889242399783554 0.17585287626308488 0.2982897659357375
0.20361210610276137 0.277678302524762 0.2508402179756699 0.19509491332270024 0.4418254125351184
0.31602795328098554 0.2794673406023791 0.3048125183196748 0.30415508605524355 0.4783682211531627
0.27310802326059025 0.3384350304493351 0.31133222008511185 0.3065031737303212 0.34808515245399474
0.3391703460167874 0.3660638200107995 0.3462832366847628 0.37316549429823365 0.4471239284038727
0.33614897574772473 0.349234770707211 0.32148149941038584 0.3466832216535247 0.24163528931865128
0.36251895560385905 0.40310083083712867 0.3711520478140178 0.37342645928145046 0.2944134832738594
0.3391018166363349 0.3631485452590948 0.3646996250222809 0.3731002032879398 0.260598125342435
0.3499518827347037 0.37202680847678127 0.3384191861582535 0.3750571420751294 0.28800195099118875
0.3927345444242232 0.4219837961434787 0.3872832073527712 0.41836797356510314 0.3287018253359828
0.3737122973144027 0.38852445707860483 0.38385546671403525 0.411519185454835 0.20136383470380256
0.33333340318999016 0.3318757633564442 0.3250437979965224 0.35066199212228133 0.27320383592864006
0.3444582155200815 0.37202680847678127 0.34493888792369076 0.38255824311446074 0.18179459474829043
0.3591538905826799 0.3718941673173195 0.3646996250222809 0.39456004458898253 0.213941384963151
0.3608021584030432 0.39766780041832517 0.36308657060405225 0.3929293617953036 0.16022761199334648
0.39094900827298407 0.42470010915599077 0.3938029091182085 0.43284844473529027 0.14063403932822036
0.4314653802982431 0.41595448709776606 0.4148407160041705 0.4379361670892501 0.21547325206390586
0.4349677136502983 0.46551375348296786 0.4382310306625974 0.47061511397312206 0.2523157084318033
0.4362037573380926 0.4474260285427196 0.4277457667064666 0.4587436954612296 0.2636785370190735
0.3922537909112018 0.3964752431645069 0.4098669948020839 0.4126279382820801 0.26990743727902344
0.36087068778349574 0.4016431934612763 0.36443071424630213 0.3970387142846479 0.14877210038855782
0.4013872693787257 0.4190022008120431 0.4003898898573459 0.42691273547934405 0.14520886213688214
0.4110012917893 0.4061485445514055 0.39507997890558033 0.42736937443548406 0.12897621081203445
0.40900974835676185 0.4288742617412449 0.40395218844348246 0.4492205636823732 0.13339929593714833
0.4319461338112647 0.4604121237659293 0.4252589061054233 0.4670274923922537 0.1366855787411951
0.4267957422088171 0.4608096428505355 0.43231622430399597 0.4671580744128412 0.145056577650871
0.4504876274080636 0.42218255568578167 0.4339292787222244 0.4452415941556582 0.18977572350167923
0.3974041825136492 0.3885907776583357 0.38654395911735717 0.39592976239944466 0.3233330453507026
0.3485785707160336 0.41091897576356895 0.37256347042996785 0.3569890493240737 0.26115285644138764
0.3720642390640101 0.41959847943895223 0.3807635055873342 0.41145389444454117 0.23153912863746665
0.4454057651860688 0.47737361203208994 0.4507998916152143 0.4855522240994494 0.25493543903316573
0.4543332363722934 0.4572980894719214 0.44717031405537755 0.4806601757184126 0.18791249410820346
0.4644280122958895 0.4901609477129967 0.45832775239204415 0.50427243072161 0.16241072082781516
0.4710891938178534 0.4765785738628776 0.4569836087497945 0.49200966426387116 0.14172026242143815
0.4558440262918104 0.48028888678379467 0.4432720308383842 0.48894397264943645 0.10252628206039541
0.5063864352902416 0.5044059207697555 0.4873639626330937 0.5035548267822529 0.17085799868111246
0.5076912179284596 0.5338898667916785 0.49663943577555325 0.5127519016255571 0.21423583808960342
0.5250651972179168 0.5301795538707614 0.5186181226992079 0.5477789361845067 0.174832705786373
0.5100260369731724 0.5391241376681786 0.5059819827728906 0.5297110424914093 0.2532594894833482
0.5179920011333543 0.5472734810994944 0.5143836497325351 0.5531276235216835 0.08010765446896184
0.5381128140301228 0.564036209823352 0.5272887004348312 0.5664340508543317 0.13071121502788144
0.5634527574797619 0.5912011597204792 0.561500263680246 0.5980040458530005 0.18074473401887778
0.5694271782074054 0.5857681293016757 0.5600215620905955 0.592394393532607 0.13488659863714952
0.611454549722152 0.638640391720078 0.6156069168528291 0.6450981728967662 0.33920015922887725
0.6319873771815185 0.6642152652787805 0.6299906691447756 0.6612093268606318 0.1289997233179536
0.6325366600749924 0.6482475747241352 0.629116862961961 0.6594480620463656 0.13949286258744736
0.6402280875734228 0.6363877161750133 0.6231349827484813 0.6520122520173279 0.18739713278660378
0.5718307362025419 0.5145430618209914 0.5543083875342727 0.533233373061984 0.4997383550213417
0.5497183798732355 0.5383952178818079 0.5336738442528681 0.5240362982186801 0.459918285839894
0.47953570192108597 0.5572118626084268 0.5282968594462243 0.5119039147235707 0.2988953496637712
0.5994369693164412 0.5963691100172486 0.5777659811663998 0.5831975177472613 0.3039390555846576
0.5897542079554436 0.5877559269215957 0.5693643142067553 0.6040048470612827 0.15567739529553032
0.5618734381797927 0.5885509650908081 0.5553165465456658 0.5951993192217828 0.14865043684048787
0.590440968749764 0.5677467249411581 0.5692970352330551 0.5757615086602652 0.29825805139286987
0.5480015826724194 0.5808652591269403 0.5469148795860208 0.577196517481021 0.13175615453512493
0.5857711210903673 0.5903398009715362 0.5701035624421691 0.6088968954423191 0.1148648796433098
0.5607059238724506 0.5376001797125955 0.5432855071450062 0.5468658573301848 0.2907775202945734
0.5169619647268591 0.5591996602283473 0.5239953126246737 0.5415171699930081 0.17227038944365036
0.5354347193732347 0.5108327489000744 0.5155936456650292 0.5293849855558568 0.2775107255303163
0.5028155725577346 0.5400516147999632 0.5036294750004255 0.5261887119208346 0.1457649602419929
0.5205328274593666 0.5658913662838103 0.5412019101485204 0.558084962913014 0.23768655533039443
0.5588518583407591 0.5802026599203003 0.5525609802874658 0.5923293015802713 0.12559669818800598
0.5909215126928147 0.5915325604222439 0.578169244770957 0.608244781571214 0.1172516723953338
0.605548658374961 0.623467739334645 0.5914773539589879 0.6346617632056293 0.09639006481796397
0.5987502085221208 0.6018021404360521 0.5904019159738947 0.6203769660083656 0.15434073667415055
0.593462339018827 0.6177035104109663 0.5822018808165288 0.6160068475937623 0.07704638087853657
0.6087762454952936 0.6057775334790028 0.5875790707419946 0.6028308032237435 0.15555518494499712
0.5914022662058365 0.6270456132929898 0.59282170272006 0.6163981955396087 0.08500727794078566
0.6313693553376214 0.6088252471932798 0.6252856535998454 0.6253343053996958 0.2092602090753898
0.5844663384521498 0.6358577581278351 0.6054578426463773 0.611440856148278 0.18372316703612288
0.6470265374262629 0.6552706814813634 0.6275038085437321 0.6588610401275963 0.16606008046745047
0.6290345362929082 0.6482475747241352 0.6156741958265293 0.6576869962900571 0.0770023632802461
0.6433869357433322 0.6544093227324199 0.624344773562153 0.6619267317420308 0.09929112528666117
0.6402966169538753 0.6716358911206146 0.6415513710859997 0.6676667670250538 0.08161272824901822
0.674770038871038 0.6762075627904751 0.653649689460359 0.6893222822990199 0.08430135596074834
0.6622029660018827 0.6884647382273139 0.6554645807996884 0.6929749958322238 0.08567027592745899
0.6749073072019138 0.6626249867434664 0.655666212601967 0.6732764193454477 0.13473240034251704
0.6370005004530901 0.6488438533510446 0.6204462852263373 0.6587306571649667 0.12934256846240239
0.6416701385425161 0.6643477042413528 0.6299906691447756 0.6686451368896695 0.05969743232499314
0.6471638057571387 0.650765330391234 0.6315366497081263 0.6691670668561036 0.08485581365846936
0.6450349939937245 0.6769362803799563 0.6455842122503934 0.6771898988039107 0.060138155110361136
0.643524204074208 0.6692505744160882 0.6367120027124911 0.6612746178709257 0.0967944252395268
0.6709929592872608 0.6862120626822492 0.6516333714375733 0.6722978504228738 0.16001873345239045
0.687611648401945 0.7012522761051099 0.6717300931670203 0.7140434891874206 0.0727794078566765
0.6844525906620649 0.7096666996584593 0.6746874963463207 0.7148912770314486 0.04226783040812242
0.7092432512182301 0.7232490735085781 0.6903483184256392 0.7365467923054148 0.04439981321227855
0.7093119901686533 0.7379578862296741 0.7042613230205059 0.7362207353698622 0.04708379310307116
0.7216728461865389 0.7395481647649882 0.7070843733712284 0.7438522193718229 0.08434537355903879
0.7338964338735487 0.74617375243761 0.7130662535847077 0.7481572458340899 0.04873158232603206
0.7461887605109818 0.7278207451784382 0.7249631452756107 0.7419607706528852 0.11795404015936009
0.7365059991499843 0.7585635690339105 0.7299368664776973 0.7641380168353269 0.07468364743489495
0.7445404926906187 0.7545218554112287 0.7297352346754187 0.7668774524562507 0.041989507954335425
0.7431671806719482 0.7545881759909594 0.7241566180664967 0.7655077346457886 0.056874291207307026
0.7536739711581424 0.7616776033279182 0.7303401300822545 0.7735307656515538 0.024669266530111866
0.7564208047654533 0.7665143551198124 0.7354484092317419 0.7719651748102105 0.03356273519340949
0.7612964501361787 0.7571722522377888 0.7388761498704774 0.7720304658205044 0.11372479650746328
0.7359565066865397 0.7641290384152859 0.7334318860901334 0.7628986819874943 0.043060420578582614
0.7535367028272666 0.7720798245011882 0.7396156032247141 0.77809655803908 0.07832589864250819
0.7823787700589899 0.7948718622707582 0.761661569122069 0.7904899065174065 0.06050587976688718
0.7920615314199875 0.8028224461597706 0.7697943253057347 0.8088838571460562 0.03282318486188315
0.8005082490931907 0.8256808045090718 0.7943271518041326 0.8212772056243827 0.06652480788095452
0.8262602071054279 0.8307161136463794 0.8080387297155431 0.8366707556488917 0.08632971969812128
0.8326466423956695 0.8456236859097783 0.8135502724695873 0.8472375483026577 0.0605064265693504
0.8388958093550358 0.8372092623564289 0.8174485556865807 0.8531732575586037 0.10837980242933398
0.8379343023289931 0.8590075024144836 0.8269256606313189 0.8543473013961429 0.07778483760513644
0.8685621152819261 0.892798039984233 0.867522572813592 0.8816775609428378 0.11778699200684159
0.8768026161038596 0.8112370719100095 0.8515930450771172 0.8109711788958753 0.3323279458709305
0.809916264222466 0.7925528661459624 0.794125520001854 0.7606156862647522 0.3081188136136316
0.7452272534849391 0.73053726038784 0.7592419874947256 0.7476355149256144 0.24061331551486373
0.7509956669312836 0.7741337405039495 0.758031991562232 0.7719651748102105 0.1777228302058055
0.780318697245999 0.7350428136748588 0.7585025341404894 0.7474398409526914 0.17528190400992116
0.7391155644264193 0.7361690503489464 0.7211319359134956 0.7353727484678756 0.15918048527625006
0.7505836523686855 0.7653215956691046 0.744051707993665 0.7563759508127785 0.10703056735129979
0.7755115812557265 0.7766514961710482 0.7550745883829315 0.7840975583053202 0.07235016792303645
0.7781898854825853 0.7677069123736306 0.7620648327266262 0.7844236152408723 0.15211525064878112
0.7235956506686541 0.7479625883183376 0.7260385832607039 0.7483529198070134 0.1778896049570924
0.7360252456369629 0.7135757721216793 0.7111842883905004 0.7156088809708057 0.21713525815091092
0.6696196472685907 0.6891936580136846 0.654994038221431 0.6749071021391266 0.1995634875935989
0.6893284456027611 0.711256775996884 0.6803333919289434 0.7018458146820175 0.10158004039776597
0.705328903303577 0.6605049523578634 0.6823499150705514 0.6773204808244979 0.18223367712626873
0.638854565984782 0.6662028607018116 0.6527758832775443 0.6623180796878771 0.1373113941603684
0.648193842163634 0.7008547570205035 0.6714611823910415 0.6743200802203573 0.12196839044320526
0.7212608316239408 0.7370304090978894 0.7076219898043636 0.7428738495072071 0.10423886737524973
0.7264112232263882 0.7249717910064646 0.7063449200169918 0.7394168099469263 0.06792954340900714
0.7203680635483214 0.7416684013474806 0.7300041454513979 0.7476355149256144 0.21222278482120102
0.7519571739573263 0.7559133744042394 0.7330286224855767 0.7615289641770322 0.1701671137688141
0.7108227800881703 0.7347114129730941 0.7214008466894744 0.7366120833157082 0.17216950438918335
0.7407636226768122 0.7739349809616465 0.7412286576429425 0.768051695351748 0.052643953950483754
0.7672023414833697 0.7419332792726252 0.7560829525131465 0.7574196116876881 0.17407729818341283
0.7549100148459367 0.7805605686342683 0.7524533749533096 0.7816188886096547 0.08350138395703444
0.7873918933305615 0.8005697706147059 0.7673747436783918 0.806209513477468 0.05135732775449006
0.8060019163078129 0.8209103732969083 0.7908994111653966 0.8259735800324961 0.09041570110465033
0.8336766788021652 0.8578810635435066 0.8357305911955206 0.8531732575586037 0.14744692461890602
0.8521494334485409 0.8426422927752324 0.82531260621309 0.8533689315315272 0.12794521476760348
0.8416426429623471 0.8280659190167083 0.8216830286532535 0.8406497251756062 0.08549256512690737
0.7932975751077818 0.8252169648447347 0.7954025897892258 0.81449350946645 0.09268247071599406
0.8293503163249141 0.823825648048613 0.813751904271866 0.8403887601923894 0.1723630724611688
0.8272215045614999 0.7888425532250454 0.804207520353428 0.8008610251982491 0.11474020868169205
0.7915807779069661 0.7979195759850353 0.7877403761838175 0.811297434889386 0.09184640974970662
0.7906880098313462 0.7936129844372088 0.7796076200001518 0.8097318440480428 0.10147860854083574
0.7881471835053344 0.8060689194163506 0.7767172906757291 0.7983170644922901 0.07912614404745369
0.8085427426338252 0.8138209459599495 0.7817582908515159 0.81449350946645 0.062023803404829575
0.7824475090094132 0.7714835458742788 0.7615272162934905 0.7655077346457886 0.1777520841375886
0.7661723050768745 0.76373151933068 0.7423040956280358 0.7809665756805915 0.10809245773490359
0.7135696136954812 0.6871397420109229 0.7297352346754187 0.7036070794962836 0.27514115705588427
0.6779288870409474 0.709136741611281 0.6971367258482328 0.696823383338351 0.1753590031572374
0.6873369021702227 0.6863447038417105 0.6722006357452777 0.6805818464118558 0.25653073521965597
0.7005219968832752 0.7105943789871334 0.6901464815045382 0.7108472155523984 0.16297556777233768
0.7244884187442735 0.749221466151887 0.7297352346754187 0.730741665070056 0.18273126736781323
0.7737260451044872 0.7989796942762812 0.7948649733560906 0.7914029853717284 0.2747731589981266
0.8312731208070288 0.8433710103647136 0.8234306410188827 0.8518686317004773 0.15196132575538024
0.836011497846878 0.8428410523175354 0.8188601834213534 0.8439761827152998 0.13264088092064036
0.932426887324286 0.8719935976376936 0.9053637136188437 0.8857869134321823 0.3987455804690909
0.8604586732208976 0.8685483648388101 0.8435273627483297 0.8626312973851249 0.16156399721349463
0.8804422177867903 0.8859736927693078 0.8595241694585047 0.8923096446068977 0.08801086387133955
0.8748110726713212 0.863049013840276 0.8538782738758821 0.8675233457661617 0.11233591825084452
0.8726822609079075 0.8954482346139037 0.8685307318249851 0.8900266488841555 0.09961182493134893
0.9118940598649194 0.9250646195983985 0.8946095388867341 0.9218576088660413 0.1314600610012828
0.9049581321112332 0.9121446427580302 0.888829290475533 0.913704194897647 0.10841206377466489
0.9114133063518981 0.8833896165224784 0.8860062401248106 0.9000064196191522 0.12066125915484022
0.8749485505721681 0.8933279980314113 0.8636913634514769 0.8863739353509517 0.0915429343826108
0.8879961673843741 0.8770952273547319 0.860599607443598 0.8935489794547307 0.12018554101182513
0.8864853774648571 0.8912077614489189 0.8679931153918499 0.8910703097590651 0.1005370146991438
0.9066061903616256 0.9293712111462249 0.9015325042567282 0.9199008691368098 0.09830961486515302
0.9266584738779415 0.9256608982253078 0.8971636784614774 0.934185666334074 0.05159901444324026
0.9315341192486666 0.9323528064776607 0.9040193648577717 0.9413605113798944 0.005621676124526603
0.9245981914949799 0.9216855051823571 0.8968947676854986 0.9191181732451175 0.15697277033093576
0.9434144313235016 0.9479227757508102 0.9275440323447766 0.9566889694520682 0.13061333738696224
0.9382640397210538 0.9530246076647384 0.9227046639712684 0.951927503091619 0.053228759184914376
0.9510369103015375 0.9523620084580984 0.9309719781023349 0.9604069739955658 0.0995839380057239
0.9554320117292123 0.9732988897672097 0.9421294164390017 0.9716260795783951 0.06641462718461252
0.9671061069527771 0.9682633784330126 0.9405834358756511 0.974887445165753 0.06147809454652031
0.9581788453365232 0.9754191263497021 0.9483802074284602 0.9745613882302004 0.04374693107117508
0.9798791871032315 0.9534221267493443 0.9501948936489673 0.9633422826473712 0.13024944034767888
0.9420409097348603 0.952627088580132 0.9287538231584482 0.9534276038647103 0.0855130702192787
0.9388133226145277 0.9497779322112689 0.9212259623816184 0.9457961198627496 0.08541245856604335
0.9644967512463127 0.9389120735705514 0.9417932266893227 0.9536885688479271 0.11690171881886294
0.9559812946226862 0.9715761722693237 0.9403818040733725 0.9631466086744482 0.10227229231622242
0.9725999837373704 0.9754191263497021 0.9509343470032035 0.9823885462050845 0.08738614205709272
0.987158390469093 0.9891339391623932 0.9596719985937054 0.9966080523920544 0.10296727824699503
0.9804972089471287 0.9688596570599219 0.9508670680295033 0.9703214537202687 0.30097210541914043
0.9392940761275494 0.9601138328048078 0.9999999999999998 0.9377730888569844 0.19118620045559578
0.9615437007877317 0.9560060007992843 0.9319128581400273 0.9638640135558467 0.05875693208822766
0.962024454300753 0.9581925579615078 0.9405834358756511 0.9716260795783951 0.05397897216447381
0.9606509327121122 0.9676670998061032 0.9366178736849575 0.9731263794094449 0.0
0.9857848688804522 0.9886703016949461 0.9605458047765201 0.9967386344126421 0.03429134947567111
1.0 0.9839659888656238 0.9700229097212578 0.9951730435712989 0.07442692367840578
0.9899052240764044 0.9874775422442379 0.963973750534078 1.0 0.06287517484008762
0.9860596151121745 1.0000000000000002 0.9744590144902088 0.9977822952875517 0.14234033641474747