Day 1: 323.575 321.266 325.109 332.215 1.249e+08 
Day 2: 340.304 324.931 335.961 330.421 1.09693e+08 
Day 3: 334.954 327.257 337.453 329.365 1.0336e+08 
Day 4: 328.703 326.654 335.739 326.314 1.01941e+08 
Day 5: 326.233 325.095 333.879 324.213 1.03157e+08 
Day 6: 325.822 323.89 332.464 322.61 1.04609e+08 
Day 7: 326.257 323.171 331.583 321.87 1.05574e+08 
Day 8: 326.725 322.835 331.255 321.777 1.05908e+08 
Day 9: 326.943 322.724 331.304 321.974 1.05738e+08 
Day 10: 326.909 322.713 331.517 322.273 1.0526e+08 
